wavelet_data_1 = [5	1	604	41	564	40
5	2	16	65529	671	38
5	3	766	531	766	531
5	4	136	11	689	527
5	5	564	508	564	508
5	6	65515	8	698	40
5	7	749	506	749	506
5	8	65465	65527	627	507
5	9	668	509	686	32
5	10	847	535	847	535
5	11	65480	6	620	524
5	12	684	39	684	39
5	13	643	538	643	538
5	14	632	502	632	502
5	15	568	504	568	504
5	16	535	523	535	523
5	17	659	41	659	41
5	18	619	503	619	503
5	19	0	0	0	0
5	20	299	216	299	216];

wavelet_data_2 = [429	1	606	33	574	32
429	2	14	65529	671	32
429	3	782	527	782	527
429	4	108	11	719	41
429	5	787	505	52	505
429	6	65448	6	709	511
429	7	821	499	821	499
429	8	65442	65527	647	499
429	9	756	501	780	504
429	10	860	504	860	504
429	11	65472	2	630	34
429	12	651	34	651	34
429	13	65518	21	625	529
429	14	671	494	671	494
429	15	621	493	621	493
429	16	531	502	533	503
429	17	686	511	686	511
429	18	625	493	627	494
429	19	565	495	565	495
429	20	784	510	784	510];


wavelet_data_3 = [785	1	661	505	599	506
785	2	44	65533	716	506
785	3	89	6	781	36
785	4	193	2	822	511
785	5	804	39	49	40
785	6	65412	10	725	502
785	7	836	486	836	486
785	8	65456	65528	698	490
785	9	854	489	874	491
785	10	845	492	845	492
785	11	636	500	649	502
785	12	895	39	895	39
785	13	57	533	57	533
785	14	817	479	817	479
785	15	65517	65531	715	482
785	16	546	480	546	480
785	17	727	496	727	496
785	18	685	477	687	478
785	19	580	469	580	469
785	20	798	490	798	490];